2
93
61
100
68
80
13
78
32
7
91
16
17
84
8
45
68
24
47
41
46
34
68
56
44
60
30
82
75
45
15
46
35
91
93
10
92
33
60
27
88
25
69
60
50
59
90
9
32
59
63
59
4
95
35
82
71
83
49
95
79
98
86
83
6
36
28
96
55
14
77
10
100
27
66
12
45
91
93
31
90
67
79
31
80
20
40
48
23
80
94
74
16
58
71
71
40
45
30
9
10
26
37
10
79
52
3
7
23
63
39
47
12
14
51
10
68
35
50
24
58
52
50
21
67
27
23
91
76
84
59
44
25
63
3
42
52
52
41
58
30
70
32
94
66
69
86
55
14
67
61
44
63
61
79
73
58
6
24
34
73
38
64
8
79
72
30
37
26
54
57
15
97
61
13
10
18
28
62
65
26
26
45
10
38
48
87
46
67
81
86
14
54
41
86
64
56
62
21
35
51
78
89
34
5
88
10
21
70
52
35
20
36
62
43
34
40
51
22
45
19
81
85
94
35
67
31
62
19
26
78
32
81
97
46
1
81
79
32
94
74
1
26
36
88
81
44
21
58
99
